1=>

[22,27,16,2,18,6] 

1.1=> 
[2, 27, 16, 22, 18, 6] => 2 to 22
[2, 6, 16, 22, 18, 27] => 6 to 27
[2, 6, 16, 22, 18, 27] => 16 correct index
[2, 6, 16, 18, 22, 27] => 18 to 22
[2, 6, 16, 18, 22, 27] => 22 correct index
[2, 6, 16, 18, 22, 27] => 27 correct index

1.2 => 
O(n^2) => O(6^2)

1.3=>

Average case: 18
Worst Case : 27
Best Case : 2

1.4=>

Average case: 18


2=>
[7,3,5,8,2,9,4,15,6] 

[2, 3, 5, 8, 7, 9, 4, 15, 6] 2 to 7
[2, 3, 5, 8, 7, 9, 4, 15, 6] 3 correct index
[2, 3, 4, 8, 7, 9, 5, 15, 6] 4 to 5
[2, 3, 4, 5, 7, 9, 8, 15, 6] 5 to 8





